CASENAME: "HTGR TH TEST"
TH:
Th_control -1 -1 -1 -1 -1 -1 -1
Th_sor -1 -1 -1
Gas_physical_properties -1 -1 70 0.66
Mesh_num  49 20 2
Axial_mesh_size   19.100    8.300  190.770   20.000   50.000  108.000   40.000   62.500   35.000   24.500   24.500   67.330   55.000   55.000   55.000   55.000   55.000   55.000   55.000   55.000   55.000   55.000   55.000   55.000   55.000   55.000   55.000   55.000   55.000   55.000   55.000   55.000   45.070   21.100   40.000   20.000   20.000   80.000   10.000   10.000   40.000   40.000    8.000   35.000    7.500    7.500  221.230    8.300   16.300 
Axial_fine_mesh_num  1   1   1   1   1   1   1   1   1   1   1   1   1   1   1   1   1   1   1   1   1   1   1   1   1   1   1   1   1   1   1   1   1   1   1   1   1   1   1   1   1   1   1   1   1   1   1   1   1 
Radial_mesh_size  67.205  27.837  21.360  18.008  15.865   1.275   4.625  13.200   7.800   7.600   6.400  18.200  16.313   1.000  24.046  17.541   4.000  13.000  13.100  11.900 
Radial_fine_mesh_num 8 2 1 1 1 1 1 1 1 1 1 1 1 1 1 1 1 1 1 1
Circumferential_mesh_size 180 180
Circumferential_fine_mesh_num 1 1
Composition_num 45
Composition 1 -1  7 27  0  0 0.61   0.   0.   0.   0.   0.   0.   0.  -1.  0. 1  6  5
Channel        0     1   70.    0.    1.    0.    0.    0.     0
Composition 2  0  0  4  1  0   0. .001   0.  70.  0.8  0.8   0.   0.   0.  0. 0  0  0
Channel        0     0    0     0     0     0     0     0      0
Composition 3 -1 14  0  0  0 0.99   0.  0.2   0.   0.   0.   0.   0.   0.  0. 1  0  0
Channel        0     2   70.    0.    0.   1.0    0.    0.     0
Composition 4 -1 14  0  0  0 0.99   0.  0.2   0.   0.   0.   0.   0.   0.  0. 1  0  0
Channel        0     2   70.    0.    0.   1.0    0.    0.     0
Composition 5 -1 14  0  0  0 0.99   0.  0.2   0.   0.   0.   0.   0.   0.  0. 1  0  0
Channel        0     2   70.    0.    0.   1.0    0.    0.     0
Composition 6 -1 14  7  0  0 0.89   0.   0.  0.6   0.   0.   0.   0.   0.  0. 1  0  0
Channel        0     2   70.  0.04    0.   3.9    0.    0.     0
Composition 7  0 15  0  0  0   1.   0.  0.2   0.   0.   0.   0.   0.   0.  0. 0  0  0
Channel        0     0    0     0     0     0     0     0      0
Composition 8 -1 14  7  0  0  0.9   0.   0.  1.2   0.   0.   0.   0.   0.  0. 1  0  0
Channel        0     2   70.    0.    0.  9.55    0.    0.     0
Composition 9 -1 14  7  0  0  0.1   0.   0.  1.2   0.   0.   0.   0.   0.  0. 1  0  0
Channel        0     2   70.    0.    0.   18.    0.    0.     0
Composition 10 -1 14  7  0  0 0.05   0.   0.  1.2   0.   0.   0.   0.   0.  0. 1  0  0
Channel        0     5   70.    0.    0.  53.5   96.  250.     0
Composition 11 -1 14  0  0  0  0.1   0. 0.26   0.   0.   0.   0.   0.   0.  0. 1  0  0
Channel        0     2   70.    0.    0.   26.    0.    0.     0
Composition 12 -1 14  7  0  0 0.92   0.   0.  1.2   0.   0.   0.   0.   0.  0. 1  0  0
Channel        0     2   70.    0.    0.   7.6    0.    0.     0
Composition 13  0 14  7  0  0   1.   0.   0.  1.2   0.   0.   0.   0.   0.  0. 0  0  0
Channel        0     0    0     0     0     0     0     0      0
Composition 14  0  8  8  0  0   1.   0.   0.   0.   0.   0.   0.   0.   0.  0. 0  0  0
Channel        0     0    0     0     0     0     0     0      0
Composition 15  0  0  9  0  0   0. .001   0.   0.   0.   0.   0.   0.   0.  0. 0  0  0
Channel        0     0    0     0     0     0     0     0      0
Composition 16  0  4 31  0  0   1.   0.   0.   0.   0.   0.   0.   0.   0.  0. 0  0  0
Channel        0     0    0     0     0     0     0     0      0
Composition 17  0  0  9  0  0   0. .001   0.   0.   0.   0.   0.   0.   0.  0. 0  0  0
Channel        0     0    0     0     0     0     0     0      0
Composition 18  0 15  0  0  0   1.   0.  0.2   0.   0.   0.   0.   0.   0.  0. 0  0  0
Channel        0     0    0     0     0     0     0     0      0
Composition 19  0  0  4  0  0   0. .001   0.  70.  0.8  0.8 0.67   0.   0.  0. 0  0  0
Channel        0     0    0     0     0     0     0     0      0
Composition 20  0  0  4  0  0   0. .001   0.  70.  0.8  0.8 0.67   0.   0.  0. 0  0  0
Channel        0     0    0     0     0     0     0     0      0
Composition 21  0  0  9  0  0   0. .001   0.   0.   0.   0.   0.   0.   0.  0. 0  0  0
Channel        0     0    0     0     0     0     0     0      0
Composition 22 -1  0  4  1  0   0. .001   0.  70.  0.9  0.9   0.   0.   0.  0. 1  0  0
Channel        0     5   70.    0.    0.  300.    0.    0.     0
Composition 23 -1 14  7  0  0 .713   0.   0.  1.2   0.   0.   0.   0.   0.  0. 1  0  0
Channel        0     5   70.    0.    0.   14.    0.    0.     0
Composition 24  0 15  0  0  0   1.   0.  0.2   0.   0.   0.   0.   0.   0.  0. 0  0  0
Channel        0     0    0     0     0     0     0     0      0
Composition 25  0  0  4  1  0   0. .001   0.  70.  0.8  0.8   0.   0.   0.  0. 0  0  0
Channel        0     0    0     0     0     0     0     0      0
Composition 26 -1 14  7  0  0 0.88   0.   0.  1.2   0.   0.   0.   0.   0.  0. 1  0  0
Channel        0     5   70.    0.    0. 59.64    0.    0.     0
Composition 27 -1 14  0  0  0  0.1   0. 0.26   0.   0.   0.   0.   0.   0.  0. 1  0  0
Channel        0     5   70.    0.    0.   35.    0.    0.     0
Composition 28  0  7 27  0  0 0.61   0.   0.   0.   0.   0.   0.   0.   0.  0. 0  0  0
Channel        0     0    0     0     0     0     0     0      0
Composition 29  0  7 27  0  0 0.99   0.   0.   0.   0.   0.   0.   0.   0.  0. 1  0  0
Channel        0     2   70.    0.    0.  10.5    0.    0.     0
Composition 30  0  7 27  0  0 0.61   0.   0.   0.   0.   0.   0.   0.   0.  0. 0  0  0
Channel        0     0    0     0     0     0     0     0      0
Composition 31 -1 14  0  0  0  0.1   0. 0.26   0.   0.   0.   0.   0.   0.  0. 1  0  0
Channel        0     5   70.    0.    0. 182.1    0.    0.     0
Composition 32  0 11 11  0  0   1.   0.   0.   0.   0.   0.   0.   0.   0.  0. 0  0  0
Channel        0     0    0     0     0     0     0     0      0
Composition 33  0 12 10  0  0   1.   0.   0.   0.   0.   0.   0.   0.   0.  0. 0  0  0
Channel        0     0    0     0     0     0     0     0      0
Composition 34  0 15  0  0  0   1.   0. 0.47   0.   0.   0.   0.   0.   0.  0. 0  0  0
Channel        0     0    0     0     0     0     0     0      0
Composition 35  0  3 30  0  0   1.   0.   0.   0.   0.   0.   0.   0.   0.  0. 0  0  0
Channel        0     0    0     0     0     0     0     0      0
Composition 36  0 15  0  0  0   1.   0. 0.47   0.   0.   0.   0.   0.   0.  0. 0  0  0
Channel        0     0    0     0     0     0     0     0      0
Composition 37  0 11 11  0  0   1.   0.   0.   0.   0.   0.   0.   0.   0.  0. 0  0  0
Channel        0     0    0     0     0     0     0     0      0
Composition 38  1  0  0  0  0   0.   0.   0.   0.   0.   0.   0.  20.   0. 1.E-6 0  0  0
Channel        0     0    0     0     0     0     0     0      0
Composition 39 -1 14  0  0  0 .713   0. 0.26   0.   0.   0.   0.   0.   0.  0. 1  0  0
Channel        0     2   70.    0.    0.   14.    0.    0.     0
Composition 40 -1 14  0  0  0 0.95   0. 0.26   0.   0.   0.   0.   0.   0.  0. 1  0  0
Channel        0     2   70.    0.    0.   1.0    0.    0.     0
Composition 41  0 11 11  0  0   1.   0.   0.   0.   0.   0.   0.   0.   0.  0. 0  0  0
Channel        0     0    0     0     0     0     0     0      0
Composition 42  0 15  0  0  0   1.   0. 0.47   0.   0.   0.   0.   0.   0.  0. 0  0  0
Channel        0     0    0     0     0     0     0     0      0
Composition 43 -1 14  0  0  0 .766   0. 0.26   0.   0.   0.   0.   0.   0.  0. 1  0  0
Channel        0     2   70.    0.    0.  16.5    0.    0.     0
Composition 44 -1 14  0  0  0  0.4   0. 0.26   0.   0.   0.   0.   0.   0.  0. 1  0  0
Channel        0     2   70.    0.    0.  68.5    0.    0.     0
Composition 45 -1 14  7  0  0 0.05   0.   0.  1.2   0.   0.   0.   0.   0.  0. 1  0  0
Channel        0     5   70.    0.    0.   75.   -96.    0.     0
N1_confg    1    38 38 38 38 38 38 38 38 38 38 38 38 38 38 38 38 38 38 38 38
            1    16 16 16 16 16 16 16 16 16 16 16 16 16 16 16 16 16 16 16 38
            1    25 25 25 25 25 25 25 25 25 25 25 25 25 25 25 25 25 25 16 38
            1    35 35 35 35 35 35 35 35 35 35 35 35 35 35 35 35 35 33 16 38
            1     2  2  2  2  2  2  2  2  2  2  2  2  2  2  2  2 35 20 16 38
            1    37 37 37 37 37 37 37 37 37 37 37 37 37 37 37 33 35 20 16 38
            1    14 14 14 14 14 14 14 14 14 14 14 14 14 14 14 19 35 20 16 38
            1    28 13 13 13 13 13 13 13 13 13 13 13 13 14 14 19 35 20 16 38
            1    28 23 23 23 23 23 23 23 23 23 23 23 13 14 14 19 35 20 16 38
            1    28  8  8  8  8  7  7  3 34 40 13 39 13 14 14 19 35 20 16 38
            1    28  8  8  8  8  7  7  3 34 40 13 39 13 14 14 19 35 20 16 38
            1    22 22 22 22 22  7  7  3 34 40 13  9 13 14 14 19 35 20 16 38
            1     1  1  1  1  1  7  7  3 34 40 13  9 13 14 14 19 35 20 16 38
            1     1  1  1  1  1  7  7  3 34 40 13  9 13 14 14 19 35 20 16 38
            1     1  1  1  1  1  7  7  3 34 40 13  9 13 14 14 19 35 20 16 38
            1     1  1  1  1  1  7  7  3 34 40 13  9 13 14 14 19 35 20 16 38
            1     1  1  1  1  1  7  7  3 34 40 13  9 13 14 14 19 35 20 16 38
            1     1  1  1  1  1 18 18  4 36 40 13  9 13 14 14 19 35 20 16 38
            1     1  1  1  1  1 18 18  4 36 40 13  9 13 14 14 19 35 20 16 38
            1     1  1  1  1  1 18 18  4 36 40 13  9 13 14 14 19 35 20 16 38
            1     1  1  1  1  1 18 18  4 36 40 13  9 13 14 14 19 35 20 16 38
            1     1  1  1  1  1 18 18  4 36 40 13  9 13 14 14 19 35 20 16 38
            1     1  1  1  1  1 24 24  5 42 40 13  9 13 14 14 19 35 20 16 38
            1     1  1  1  1  1 24 24  5 42 40 13  9 13 14 14 19 35 20 16 38
            1     1  1  1  1  1 24 24  5 42 40 13  9 13 14 14 19 35 20 16 38
            1     1  1  1  1  1 24 24  5 42 40 13  9 13 14 14 19 35 20 16 38
            1     1  1  1  1  1 24 24  5 42 40 13  9 13 14 14 19 35 20 16 38
            1     1  1  1  1  1 24 24  5 42 40 13  9 13 14 14 19 35 20 16 38
            1     1  1  1  1  1 24 24  5 42 40 13  9 13 14 14 19 35 20 16 38
            1     1  1  1  1  1 24 24  5 42 40 13  9 13 14 14 19 35 20 16 38
            1     1  1  1  1  1 24 24  5 42 40 13  9 13 14 14 19 35 20 16 38
            1     1  1  1  1  1 24 24  5 42 40 13  9 13 14 14 19 35 20 16 38
            1    29  6  6  6  6 24 24  5 42 40 13  9 13 14 14 19 35 20 16 38
            1    29  6  6  6  6 24 24  5 42 40 13  9 13 14 14 19 35 20 16 38
            1    29  6  6  6  6 24 24  5 42 40 13  9 13 14 14 19 35 20 16 38
            1    29 12 12 12 12 24 24  5 42 40 13  9 13 14 14 19 35 20 16 38
            1    29 12 12 12 12 24 24  5 42 40 13  9 13 14 14 19 35 20 16 38
            1    26 26 26 26 26 26 26 26 26 26 13  9 13 14 14 19 35 20 16 38
            1    30 13 13 13 44 13 13 13 13 13 13  9 13 14 14 19 35 20 16 38
            1    30 13 13 13 45 13 13 13 13 13 13  9 13 14 14 19 35 10 16 38
            1    30 14 14 14 14 14 14 14 14 14 14  9 14 14 14 19 35 11 16 38
            1    30 14 14 14 14 14 14 14 14 14 14  9 14 14 14 19 35 11 16 38
            1    30 32 32 32 32 32 32 32 32 32 32  9 32 32 32 33 35 11 16 38
            1    30 27 27 27 27 27 27 27 27 27 27 27 27 27 27 27 35 11 16 38
            1    30 43 41 41 41 41 41 41 41 41 41 41 41 41 41 41 41 11 16 38
            1    30 43 41 41 41 41 41 41 41 41 41 41 41 41 41 41 41 11 16 38
            1    30 31 31 31 31 31 31 31 31 31 31 31 31 31 31 31 31 31 16 38
            1    16 16 16 16 16 16 16 16 16 16 16 16 16 16 16 16 16 16 16 38
            1    38 38 38 38 38 38 38 38 38 38 38 38 38 38 38 38 38 38 38 38

N1_confg    2    38 38 38 38 38 38 38 38 38 38 38 38 38 38 38 38 38 38 38 38
            2    16 16 16 16 16 16 16 16 16 16 16 16 16 16 16 16 16 16 16 38
            2    25 25 25 25 25 25 25 25 25 25 25 25 25 25 25 25 25 25 16 38
            2    35 35 35 35 35 35 35 35 35 35 35 35 35 35 35 35 35 33 16 38
            2     2  2  2  2  2  2  2  2  2  2  2  2  2  2  2  2 35 20 16 38
            2    37 37 37 37 37 37 37 37 37 37 37 37 37 37 37 33 35 20 16 38
            2    14 14 14 14 14 14 14 14 14 14 14 14 14 14 14 19 35 20 16 38
            2    28 13 13 13 13 13 13 13 13 13 13 13 13 14 14 19 35 20 16 38
            2    28 23 23 23 23 23 23 23 23 23 23 23 13 14 14 19 35 20 16 38
            2    28  8  8  8  8  7  7  3 34 40 13 39 13 14 14 19 35 20 16 38
            2    28  8  8  8  8  7  7  3 34 40 13 39 13 14 14 19 35 20 16 38
            2    22 22 22 22 22  7  7  3 34 40 13  9 13 14 14 19 35 20 16 38
            2     1  1  1  1  1  7  7  3 34 40 13  9 13 14 14 19 35 20 16 38
            2     1  1  1  1  1  7  7  3 34 40 13  9 13 14 14 19 35 20 16 38
            2     1  1  1  1  1  7  7  3 34 40 13  9 13 14 14 19 35 20 16 38
            2     1  1  1  1  1  7  7  3 34 40 13  9 13 14 14 19 35 20 16 38
            2     1  1  1  1  1  7  7  3 34 40 13  9 13 14 14 19 35 20 16 38
            2     1  1  1  1  1 18 18  4 36 40 13  9 13 14 14 19 35 20 16 38
            2     1  1  1  1  1 18 18  4 36 40 13  9 13 14 14 19 35 20 16 38
            2     1  1  1  1  1 18 18  4 36 40 13  9 13 14 14 19 35 20 16 38
            2     1  1  1  1  1 18 18  4 36 40 13  9 13 14 14 19 35 20 16 38
            2     1  1  1  1  1 18 18  4 36 40 13  9 13 14 14 19 35 20 16 38
            2     1  1  1  1  1 24 24  5 42 40 13  9 13 14 14 19 35 20 16 38
            2     1  1  1  1  1 24 24  5 42 40 13  9 13 14 14 19 35 20 16 38
            2     1  1  1  1  1 24 24  5 42 40 13  9 13 14 14 19 35 20 16 38
            2     1  1  1  1  1 24 24  5 42 40 13  9 13 14 14 19 35 20 16 38
            2     1  1  1  1  1 24 24  5 42 40 13  9 13 14 14 19 35 20 16 38
            2     1  1  1  1  1 24 24  5 42 40 13  9 13 14 14 19 35 20 16 38
            2     1  1  1  1  1 24 24  5 42 40 13  9 13 14 14 19 35 20 16 38
            2     1  1  1  1  1 24 24  5 42 40 13  9 13 14 14 19 35 20 16 38
            2     1  1  1  1  1 24 24  5 42 40 13  9 13 14 14 19 35 20 16 38
            2     1  1  1  1  1 24 24  5 42 40 13  9 13 14 14 19 35 20 16 38
            2    29  6  6  6  6 24 24  5 42 40 13  9 13 14 14 19 35 20 16 38
            2    29  6  6  6  6 24 24  5 42 40 13  9 13 14 14 19 35 20 16 38
            2    29  6  6  6  6 24 24  5 42 40 13  9 13 14 14 19 35 20 16 38
            2    29 12 12 12 12 24 24  5 42 40 13  9 13 14 14 19 35 20 16 38
            2    29 12 12 12 12 24 24  5 42 40 13  9 13 14 14 19 35 20 16 38
            2    26 26 26 26 26 26 26 26 26 26 13  9 13 14 14 19 35 20 16 38
            2    30 13 13 13 44 13 13 13 13 13 13  9 13 14 14 19 35 20 16 38
            2    30 13 13 13 45 13 13 13 13 13 13  9 13 14 14 19 35 10 16 38
            2    30 14 14 14 14 14 14 14 14 14 14  9 14 14 14 19 35 11 16 38
            2    30 14 14 14 14 14 14 14 14 14 14  9 14 14 14 19 35 11 16 38
            2    30 32 32 32 32 32 32 32 32 32 32  9 32 32 32 33 35 11 16 38
            2    30 27 27 27 27 27 27 27 27 27 27 27 27 27 27 27 35 11 16 38
            2    30 43 41 41 41 41 41 41 41 41 41 41 41 41 41 41 41 11 16 38
            2    30 43 41 41 41 41 41 41 41 41 41 41 41 41 41 41 41 11 16 38
            2    30 31 31 31 31 31 31 31 31 31 31 31 31 31 31 31 31 31 16 38
            2    16 16 16 16 16 16 16 16 16 16 16 16 16 16 16 16 16 16 16 38
            2    38 38 38 38 38 38 38 38 38 38 38 38 38 38 38 38 38 38 38 38
TH_OTHER:
T_soild  1  20  20  20  20  20  20  20  20  20  20  20  20  20  20  20  20  20  20  20  20  20  20  20  20  20  20  20  20  20
         1  20  20  20  20  20  20  20  20  20  20  20  20  20  20  20  20  20  20  20  20  20  20  20  20  20  20  20  20  20
         1  30  30  30  30  30  30  30  30  30  30  30  30  30  30  30  30  30  30  30  30  30  30  30  30  30  30  30  20  20
         1  30  30  30  30  30  30  30  30  30  30  30  30  30  30  30  30  30  30  30  30  30  30  30  30  30  30  30  20  20
         1  30  30  30  30  30  30  30  30  30  30  30  30  30  30  30  30  30  30  30  30  30  30  30  30  30  30  30  20  20
         1  30  30  30  30  30  30  30  30  30  30  30  30  30  30  30  30  30  30  30  30  30  30  30  30  30  30  30  20  20
         1  30  30  30  30  30  30  30  30  30  30  30  30  30  30  30  30  30  30  30  30  30  30  30  30  30  30  30  20  20
         1  30  30  30  30  30  30  30  30  30  30  30  30  30  30  30  30  30  30  30  30  30  30  30  30  30  30  30  20  20
         1  30  30  30  30  30  30  30  30  30  30  30  30  30  30  30  30  30  30  30  30  30  30  30  30  30  30  30  20  20
         1  30  30  30  30  30  30  30  30  30  30  30  30  30  30  30  30  30  30  30  30  30  30  30  30  30  30  30  20  20
         1  30  30  30  30  30  30  30  30  30  30  30  30  30  30  30  30  30  30  30  30  30  30  30  30  30  30  30  20  20
         1  30  30  30  30  30  30  30  30  30  30  30  30  30  30  30  30  30  30  30  30  30  30  30  30  30  30  30  20  20
         1  30  30  30  30  30  30  30  30  30  30  30  30  30  30  30  30  30  30  30  30  30  30  30  30  30  30  30  20  20
         1  30  30  30  30  30  30  30  30  30  30  30  30  30  30  30  30  30  30  30  30  30  30  30  30  30  30  30  20  20
         1  30  30  30  30  30  30  30  30  30  30  30  30  30  30  30  30  30  30  30  30  30  30  30  30  30  30  30  20  20
         1  30  30  30  30  30  30  30  30  30  30  30  30  30  30  30  30  30  30  30  30  30  30  30  30  30  30  30  20  20
         1  30  30  30  30  30  30  30  30  30  30  30  30  30  30  30  30  30  30  30  30  30  30  30  30  30  30  30  20  20
         1  30  30  30  30  30  30  30  30  30  30  30  30  30  30  30  30  30  30  30  30  30  30  30  30  30  30  30  20  20
         1  30  30  30  30  30  30  30  30  30  30  30  30  30  30  30  30  30  30  30  30  30  30  30  30  30  30  30  20  20
         1  30  30  30  30  30  30  30  30  30  30  30  30  30  30  30  30  30  30  30  30  30  30  30  30  30  30  30  20  20
         1  30  30  30  30  30  30  30  30  30  30  30  30  30  30  30  30  30  30  30  30  30  30  30  30  30  30  30  20  20
         1  30  30  30  30  30  30  30  30  30  30  30  30  30  30  30  30  30  30  30  30  30  30  30  30  30  30  30  20  20
         1  30  30  30  30  30  30  30  30  30  30  30  30  30  30  30  30  30  30  30  30  30  30  30  30  30  30  30  20  20
         1  30  30  30  30  30  30  30  30  30  30  30  30  30  30  30  30  30  30  30  30  30  30  30  30  30  30  30  20  20
         1  30  30  30  30  30  30  30  30  30  30  30  30  30  30  30  30  30  30  30  30  30  30  30  30  30  30  30  20  20
         1  30  30  30  30  30  30  30  30  30  30  30  30  30  30  30  30  30  30  30  30  30  30  30  30  30  30  30  20  20
         1  30  30  30  30  30  30  30  30  30  30  30  30  30  30  30  30  30  30  30  30  30  30  30  30  30  30  30  20  20
         1  30  30  30  30  30  30  30  30  30  30  30  30  30  30  30  30  30  30  30  30  30  30  30  30  30  30  30  20  20
         1  30  30  30  30  30  30  30  30  30  30  30  30  30  30  30  30  30  30  30  30  30  30  30  30  30  30  30  20  20
         1  30  30  30  30  30  30  30  30  30  30  30  30  30  30  30  30  30  30  30  30  30  30  30  30  30  30  30  20  20
         1  30  30  30  30  30  30  30  30  30  30  30  30  30  30  30  30  30  30  30  30  30  30  30  30  30  30  30  20  20
         1  30  30  30  30  30  30  30  30  30  30  30  30  30  30  30  30  30  30  30  30  30  30  30  30  30  30  30  20  20
         1  30  30  30  30  30  30  30  30  30  30  30  30  30  30  30  30  30  30  30  30  30  30  30  30  30  30  30  20  20
         1  30  30  30  30  30  30  30  30  30  30  30  30  30  30  30  30  30  30  30  30  30  30  30  30  30  30  30  20  20
         1  30  30  30  30  30  30  30  30  30  30  30  30  30  30  30  30  30  30  30  30  30  30  30  30  30  30  30  20  20
         1  30  30  30  30  30  30  30  30  30  30  30  30  30  30  30  30  30  30  30  30  30  30  30  30  30  30  30  20  20
         1  30  30  30  30  30  30  30  30  30  30  30  30  30  30  30  30  30  30  30  30  30  30  30  30  30  30  30  20  20
         1  30  30  30  30  30  30  30  30  30  30  30  30  30  30  30  30  30  30  30  30  30  30  30  30  30  30  30  20  20
         1  30  30  30  30  30  30  30  30  30  30  30  30  30  30  30  30  30  30  30  30  30  30  30  30  30  30  30  20  20
         1  30  30  30  30  30  30  30  30  30  30  30  30  30  30  30  30  30  30  30  30  30  30  30  30  30  30  30  20  20
         1  30  30  30  30  30  30  30  30  30  30  30  30  30  30  30  30  30  30  30  30  30  30  30  30  30  30  30  20  20
         1  30  30  30  30  30  30  30  30  30  30  30  30  30  30  30  30  30  30  30  30  30  30  30  30  30  30  30  20  20
         1  30  30  30  30  30  30  30  30  30  30  30  30  30  30  30  30  30  30  30  30  30  30  30  30  30  30  30  20  20
         1  30  30  30  30  30  30  30  30  30  30  30  30  30  30  30  30  30  30  30  30  30  30  30  30  30  30  30  20  20
         1  30  30  30  30  30  30  30  30  30  30  30  30  30  30  30  30  30  30  30  30  30  30  30  30  30  30  30  20  20
         1  30  30  30  30  30  30  30  30  30  30  30  30  30  30  30  30  30  30  30  30  30  30  30  30  30  30  30  20  20
         1  30  30  30  30  30  30  30  30  30  30  30  30  30  30  30  30  30  30  30  30  30  30  30  30  30  30  30  20  20
         1  30  30  30  30  30  30  30  30  30  30  30  30  30  30  30  30  30  30  30  30  30  30  30  30  30  30  30  20  20
         1  20  20  20  20  20  20  20  20  20  20  20  20  20  20  20  20  20  20  20  20  20  20  20  20  20  20  20  20  20
         1  20  20  20  20  20  20  20  20  20  20  20  20  20  20  20  20  20  20  20  20  20  20  20  20  20  20  20  20  20
T_soild  2  20  20  20  20  20  20  20  20  20  20  20  20  20  20  20  20  20  20  20  20  20  20  20  20  20  20  20  20  20
         2  20  20  20  20  20  20  20  20  20  20  20  20  20  20  20  20  20  20  20  20  20  20  20  20  20  20  20  20  20
         2  30  30  30  30  30  30  30  30  30  30  30  30  30  30  30  30  30  30  30  30  30  30  30  30  30  30  30  20  20
         2  30  30  30  30  30  30  30  30  30  30  30  30  30  30  30  30  30  30  30  30  30  30  30  30  30  30  30  20  20
         2  30  30  30  30  30  30  30  30  30  30  30  30  30  30  30  30  30  30  30  30  30  30  30  30  30  30  30  20  20
         2  30  30  30  30  30  30  30  30  30  30  30  30  30  30  30  30  30  30  30  30  30  30  30  30  30  30  30  20  20
         2  30  30  30  30  30  30  30  30  30  30  30  30  30  30  30  30  30  30  30  30  30  30  30  30  30  30  30  20  20
         2  30  30  30  30  30  30  30  30  30  30  30  30  30  30  30  30  30  30  30  30  30  30  30  30  30  30  30  20  20
         2  30  30  30  30  30  30  30  30  30  30  30  30  30  30  30  30  30  30  30  30  30  30  30  30  30  30  30  20  20
         2  30  30  30  30  30  30  30  30  30  30  30  30  30  30  30  30  30  30  30  30  30  30  30  30  30  30  30  20  20
         2  30  30  30  30  30  30  30  30  30  30  30  30  30  30  30  30  30  30  30  30  30  30  30  30  30  30  30  20  20
         2  30  30  30  30  30  30  30  30  30  30  30  30  30  30  30  30  30  30  30  30  30  30  30  30  30  30  30  20  20
         2  30  30  30  30  30  30  30  30  30  30  30  30  30  30  30  30  30  30  30  30  30  30  30  30  30  30  30  20  20
         2  30  30  30  30  30  30  30  30  30  30  30  30  30  30  30  30  30  30  30  30  30  30  30  30  30  30  30  20  20
         2  30  30  30  30  30  30  30  30  30  30  30  30  30  30  30  30  30  30  30  30  30  30  30  30  30  30  30  20  20
         2  30  30  30  30  30  30  30  30  30  30  30  30  30  30  30  30  30  30  30  30  30  30  30  30  30  30  30  20  20
         2  30  30  30  30  30  30  30  30  30  30  30  30  30  30  30  30  30  30  30  30  30  30  30  30  30  30  30  20  20
         2  30  30  30  30  30  30  30  30  30  30  30  30  30  30  30  30  30  30  30  30  30  30  30  30  30  30  30  20  20
         2  30  30  30  30  30  30  30  30  30  30  30  30  30  30  30  30  30  30  30  30  30  30  30  30  30  30  30  20  20
         2  30  30  30  30  30  30  30  30  30  30  30  30  30  30  30  30  30  30  30  30  30  30  30  30  30  30  30  20  20
         2  30  30  30  30  30  30  30  30  30  30  30  30  30  30  30  30  30  30  30  30  30  30  30  30  30  30  30  20  20
         2  30  30  30  30  30  30  30  30  30  30  30  30  30  30  30  30  30  30  30  30  30  30  30  30  30  30  30  20  20
         2  30  30  30  30  30  30  30  30  30  30  30  30  30  30  30  30  30  30  30  30  30  30  30  30  30  30  30  20  20
         2  30  30  30  30  30  30  30  30  30  30  30  30  30  30  30  30  30  30  30  30  30  30  30  30  30  30  30  20  20
         2  30  30  30  30  30  30  30  30  30  30  30  30  30  30  30  30  30  30  30  30  30  30  30  30  30  30  30  20  20
         2  30  30  30  30  30  30  30  30  30  30  30  30  30  30  30  30  30  30  30  30  30  30  30  30  30  30  30  20  20
         2  30  30  30  30  30  30  30  30  30  30  30  30  30  30  30  30  30  30  30  30  30  30  30  30  30  30  30  20  20
         2  30  30  30  30  30  30  30  30  30  30  30  30  30  30  30  30  30  30  30  30  30  30  30  30  30  30  30  20  20
         2  30  30  30  30  30  30  30  30  30  30  30  30  30  30  30  30  30  30  30  30  30  30  30  30  30  30  30  20  20
         2  30  30  30  30  30  30  30  30  30  30  30  30  30  30  30  30  30  30  30  30  30  30  30  30  30  30  30  20  20
         2  30  30  30  30  30  30  30  30  30  30  30  30  30  30  30  30  30  30  30  30  30  30  30  30  30  30  30  20  20
         2  30  30  30  30  30  30  30  30  30  30  30  30  30  30  30  30  30  30  30  30  30  30  30  30  30  30  30  20  20
         2  30  30  30  30  30  30  30  30  30  30  30  30  30  30  30  30  30  30  30  30  30  30  30  30  30  30  30  20  20
         2  30  30  30  30  30  30  30  30  30  30  30  30  30  30  30  30  30  30  30  30  30  30  30  30  30  30  30  20  20
         2  30  30  30  30  30  30  30  30  30  30  30  30  30  30  30  30  30  30  30  30  30  30  30  30  30  30  30  20  20
         2  30  30  30  30  30  30  30  30  30  30  30  30  30  30  30  30  30  30  30  30  30  30  30  30  30  30  30  20  20
         2  30  30  30  30  30  30  30  30  30  30  30  30  30  30  30  30  30  30  30  30  30  30  30  30  30  30  30  20  20
         2  30  30  30  30  30  30  30  30  30  30  30  30  30  30  30  30  30  30  30  30  30  30  30  30  30  30  30  20  20
         2  30  30  30  30  30  30  30  30  30  30  30  30  30  30  30  30  30  30  30  30  30  30  30  30  30  30  30  20  20
         2  30  30  30  30  30  30  30  30  30  30  30  30  30  30  30  30  30  30  30  30  30  30  30  30  30  30  30  20  20
         2  30  30  30  30  30  30  30  30  30  30  30  30  30  30  30  30  30  30  30  30  30  30  30  30  30  30  30  20  20
         2  30  30  30  30  30  30  30  30  30  30  30  30  30  30  30  30  30  30  30  30  30  30  30  30  30  30  30  20  20
         2  30  30  30  30  30  30  30  30  30  30  30  30  30  30  30  30  30  30  30  30  30  30  30  30  30  30  30  20  20
         2  30  30  30  30  30  30  30  30  30  30  30  30  30  30  30  30  30  30  30  30  30  30  30  30  30  30  30  20  20
         2  30  30  30  30  30  30  30  30  30  30  30  30  30  30  30  30  30  30  30  30  30  30  30  30  30  30  30  20  20
         2  30  30  30  30  30  30  30  30  30  30  30  30  30  30  30  30  30  30  30  30  30  30  30  30  30  30  30  20  20
         2  30  30  30  30  30  30  30  30  30  30  30  30  30  30  30  30  30  30  30  30  30  30  30  30  30  30  30  20  20
         2  30  30  30  30  30  30  30  30  30  30  30  30  30  30  30  30  30  30  30  30  30  30  30  30  30  30  30  20  20
         2  20  20  20  20  20  20  20  20  20  20  20  20  20  20  20  20  20  20  20  20  20  20  20  20  20  20  20  20  20
         2  20  20  20  20  20  20  20  20  20  20  20  20  20  20  20  20  20  20  20  20  20  20  20  20  20  20  20  20  20
